  1  Meier      Hans         142342        (1,3)  (2,3)  (3,4)  (4,5)  (5,1)  (6,1)  (7,4)  (8,5) (9,3) (10,1)
  2  Schulz     Peter        123222        (1,2)  (2,3)  (3,2)  (4,1)  (5,5)  (6,1)  (7,4)  (8,2) (9,1) (10,2)
  3  Student    Ulrich       234234        (1,5)  (2,3)  (3,2)  (4,4)  (5,5)  (6,2)  (7,3)  (8,4) (9,3) (10,2)
  4  Schröder   Werner       123125        (1,4)  (2,3)  (3,4)  (4,1)  (5,5)  (6,3)  (7,5)  (8,1) (9,3) (10,3)
  5  Kluge      Klaus        125663        (1,3)  (2,3)  (3,2)  (4,3)  (5,5)  (6,2)  (7,1)  (8,2) (9,3) (10,4)
  6  Anders     Volker       123723        (1,3)  (2,2)  (3,2)  (4,1)  (5,2)  (6,2)  (7,5)  (8,2) (9,2) (10,5)
  7  Bruder     Walter       128123        (1,2)  (2,3)  (3,4)  (4,1)  (5,2)  (6,3)  (7,5)  (8,5) (9,3) (10,5)
  8  Stud       Irene        156123        (1,3)  (2,2)  (3,3)  (4,2)  (5,3)  (6,3)  (7,2)  (8,3) (9,2) (10,5)
  9  Studi      Claudia      256523        (1,5)  (2,2)  (3,4)  (4,1)  (5,1)  (6,2)  (7,2)  (8,5) (9,5) (10,5)
 10  Rothe      Bärbel       234545        (1,3)  (2,3)  (3,3)  (4,1)  (5,2)  (6,4)  (7,2)  (8,5) (9,5) (10,3)
 11  Scheider   Bernd        233423        (1,5)  (2,5)  (3,5)  (4,5)  (5,1)  (6,3)  (7,2)  (8,5) (9,5) (10,2)
 12  Schreiner  Gottfried    234323        (1,5)  (2,4)  (3,2)  (4,2)  (5,2)  (6,5)  (7,5)  (8,3) (9,3) (10,3)
 13  Müller     Manfred      129889        (1,1)  (2,1)  (3,2)  (4,4)  (5,1)  (6,4)  (7,4)  (8,1) (9,3) (10,4)
 14  Müller     Peter        125689        (1,1)  (2,1)  (3,2)  (4,4)  (5,1)  (6,4)  (7,4)  (8,1) (9,3) (10,5)
